id,user_id,scenario_type,actor_id,actor_name,dose_rate,dose_absortion,event_datetime
0,"1","S2_BasicEmergency","3","BP_Dosimeter_SABG100_C_0","0.000092","0.0","2024-6-25 12:23:3.446"
1,"1","S2_BasicEmergency","3","BP_Dosimeter_SABG100_C_0","37.927366","0.004844","2024-6-25 12:23:3.912"
2,"1","S2_BasicEmergency","3","BP_Dosimeter_SABG100_C_0","8.11208","0.00794","2024-6-25 12:23:4.435"
3,"1","S2_BasicEmergency","3","BP_Dosimeter_SABG100_C_0","4.137027","0.00865","2024-6-25 12:23:4.978"
4,"1","S2_BasicEmergency","3","BP_Dosimeter_SABG100_C_0","2.821715","0.009163","2024-6-25 12:23:5.529"
5,"1","S2_BasicEmergency","3","BP_Dosimeter_SABG100_C_0","2.42988","0.009522","2024-6-25 12:23:6.9"
6,"1","S2_BasicEmergency","3","BP_Dosimeter_SABG100_C_0","2.324345","0.009856","2024-6-25 12:23:6.528"
7,"1","S2_BasicEmergency","3","BP_Dosimeter_SABG100_C_0","2.260944","0.010206","2024-6-25 12:23:7.42"
8,"1","S2_BasicEmergency","3","BP_Dosimeter_SABG100_C_0","2.28009","0.010524","2024-6-25 12:23:7.545"
9,"1","S2_BasicEmergency","3","BP_Dosimeter_SABG100_C_0","2.28378","0.010841","2024-6-25 12:23:8.49"
10,"1","S2_BasicEmergency","3","BP_Dosimeter_SABG100_C_0","2.295761","0.011176","2024-6-25 12:23:8.573"
11,"1","S2_BasicEmergency","3","BP_Dosimeter_SABG100_C_0","2.277265","0.011496","2024-6-25 12:23:9.77"
12,"1","S2_BasicEmergency","3","BP_Dosimeter_SABG100_C_0","2.408663","0.011834","2024-6-25 12:23:9.603"
13,"1","S2_BasicEmergency","3","BP_Dosimeter_SABG100_C_0","2.500247","0.012183","2024-6-25 12:23:10.108"
14,"1","S2_BasicEmergency","3","BP_Dosimeter_SABG100_C_0","2.537516","0.012509","2024-6-25 12:23:10.630"
15,"1","S2_BasicEmergency","3","BP_Dosimeter_SABG100_C_0","0.096943","0.012584","2024-6-25 12:23:11.180"
16,"1","S2_BasicEmergency","3","BP_Dosimeter_SABG100_C_0","0.028948","0.012592","2024-6-25 12:23:11.662"
17,"1","S2_BasicEmergency","3","BP_Dosimeter_SABG100_C_0","0.02892","0.012596","2024-6-25 12:23:12.189"
18,"1","S2_BasicEmergency","11","BP_RadiationEmissionPoint","421.8","134.412793","2024-6-25 12:24:58.772"
19,"1","S2_BasicEmergency","11","BP_RadiationEmissionPoint","421.8","134.471045","2024-6-25 12:24:59.274"
20,"1","S2_BasicEmergency","11","BP_RadiationEmissionPoint","421.8","134.529776","2024-6-25 12:24:59.776"
21,"1","S2_BasicEmergency","11","BP_RadiationEmissionPoint","421.8","134.591604","2024-6-25 12:25:0.304"
22,"1","S2_BasicEmergency","11","BP_RadiationEmissionPoint","421.8","134.965928","2024-6-25 12:25:3.498"
23,"3","S2_BasicEmergency","3","BP_Dosimeter_SABG100_C_0","0.000073","0.0","2024-6-25 14:34:25.453"
24,"3","S2_BasicEmergency","11","BP_RadiationEmissionPoint","421.8","90.914966","2024-6-25 14:42:37.292"
25,"3","S2_BasicEmergency","11","BP_RadiationEmissionPoint","421.8","90.918505","2024-6-25 14:42:37.319"
26,"3","S2_BasicEmergency","11","BP_RadiationEmissionPoint","421.8","90.92825","2024-6-25 14:42:37.400"
27,"3","S2_BasicEmergency","11","BP_RadiationEmissionPoint","421.8","90.938051","2024-6-25 14:42:37.485"
28,"3","S2_BasicEmergency","11","BP_RadiationEmissionPoint","421.8","90.957326","2024-6-25 14:42:37.655"
29,"3","S2_BasicEmergency","11","BP_RadiationEmissionPoint","421.8","90.990354","2024-6-25 14:42:37.909"
30,"3","S2_BasicEmergency","11","BP_RadiationEmissionPoint","421.8","91.019703","2024-6-25 14:42:38.185"
31,"3","S2_BasicEmergency","11","BP_RadiationEmissionPoint","421.8","91.151636","2024-6-25 14:42:39.301"
32,"3","S2_BasicEmergency","11","BP_RadiationEmissionPoint","421.8","91.209147","2024-6-25 14:42:39.802"
33,"3","S2_BasicEmergency","11","BP_RadiationEmissionPoint","421.8","91.268784","2024-6-25 14:42:40.302"
34,"3","S2_BasicEmergency","11","BP_RadiationEmissionPoint","421.8","91.32934","2024-6-25 14:42:40.829"
35,"3","S2_BasicEmergency","11","BP_RadiationEmissionPoint","421.8","91.387825","2024-6-25 14:42:41.329"
36,"3","S2_BasicEmergency","11","BP_RadiationEmissionPoint","421.8","91.54125","2024-6-25 14:42:42.629"
37,"3","S2_BasicEmergency","11","BP_RadiationEmissionPoint","421.8","91.59764","2024-6-25 14:42:43.120"
38,"3","S2_BasicEmergency","11","BP_RadiationEmissionPoint","421.8","91.970213","2024-6-25 14:42:46.297"
39,"3","S2_BasicEmergency","11","BP_RadiationEmissionPoint","421.8","105.898398","2024-6-25 14:44:45.171"
40,"3","S2_BasicEmergency","11","BP_RadiationEmissionPoint","421.8","106.240413","2024-6-25 14:44:48.91"
41,"3","S2_BasicEmergency","11","BP_RadiationEmissionPoint","421.8","106.273752","2024-6-25 14:44:48.373"
42,"3","S2_BasicEmergency","11","BP_RadiationEmissionPoint","421.8","106.334711","2024-6-25 14:44:48.897"
43,"3","S2_BasicEmergency","11","BP_RadiationEmissionPoint","421.8","106.396272","2024-6-25 14:44:49.425"
44,"3","S2_BasicEmergency","11","BP_RadiationEmissionPoint","421.8","106.457998","2024-6-25 14:44:49.939"
45,"3","S2_BasicEmergency","11","BP_RadiationEmissionPoint","421.8","106.518187","2024-6-25 14:44:50.464"
46,"3","S2_BasicEmergency","11","BP_RadiationEmissionPoint","421.8","106.579876","2024-6-25 14:44:50.987"
47,"3","S2_BasicEmergency","11","BP_RadiationEmissionPoint","421.8","106.63934","2024-6-25 14:44:51.498"
48,"3","S2_BasicEmergency","11","BP_RadiationEmissionPoint","421.8","106.698278","2024-6-25 14:44:52.8"
49,"3","S2_BasicEmergency","11","BP_RadiationEmissionPoint","421.8","106.757667","2024-6-25 14:44:52.505"
50,"3","S2_BasicEmergency","11","BP_RadiationEmissionPoint","421.8","106.818296","2024-6-25 14:44:53.25"
51,"3","S2_BasicEmergency","11","BP_RadiationEmissionPoint","421.8","106.877322","2024-6-25 14:44:53.525"
52,"3","S2_BasicEmergency","11","BP_RadiationEmissionPoint","421.8","106.938834","2024-6-25 14:44:54.53"
53,"3","S2_BasicEmergency","11","BP_RadiationEmissionPoint","421.8","106.994214","2024-6-25 14:44:54.499"
54,"3","S2_BasicEmergency","11","BP_RadiationEmissionPoint","421.8","107.000534","2024-6-25 14:44:54.591"
55,"3","S2_BasicEmergency","11","BP_RadiationEmissionPoint","421.8","107.058074","2024-6-25 14:44:55.123"
56,"3","S2_BasicEmergency","11","BP_RadiationEmissionPoint","421.8","107.11949","2024-6-25 14:44:55.623"
57,"3","S2_BasicEmergency","11","BP_RadiationEmissionPoint","421.8","107.176338","2024-6-25 14:44:56.104"
58,"3","S2_BasicEmergency","11","BP_RadiationEmissionPoint","421.8","107.238029","2024-6-25 14:44:56.658"
59,"3","S2_BasicEmergency","11","BP_RadiationEmissionPoint","421.8","107.299545","2024-6-25 14:44:57.159"
60,"3","S2_BasicEmergency","11","BP_RadiationEmissionPoint","421.8","107.358613","2024-6-25 14:44:57.678"
61,"3","S2_BasicEmergency","11","BP_RadiationEmissionPoint","421.8","107.419955","2024-6-25 14:44:58.187"
62,"3","S2_BasicEmergency","11","BP_RadiationEmissionPoint","421.8","107.478753","2024-6-25 14:44:58.683"
63,"3","S2_BasicEmergency","11","BP_RadiationEmissionPoint","421.8","107.537086","2024-6-25 14:44:59.185"
64,"3","S2_BasicEmergency","11","BP_RadiationEmissionPoint","421.8","107.599799","2024-6-25 14:44:59.715"
65,"3","S2_BasicEmergency","11","BP_RadiationEmissionPoint","421.8","107.657681","2024-6-25 14:45:0.239"
66,"3","S2_BasicEmergency","11","BP_RadiationEmissionPoint","421.8","107.722936","2024-6-25 14:45:0.770"
67,"3","S2_BasicEmergency","11","BP_RadiationEmissionPoint","421.8","107.78753","2024-6-25 14:45:1.326"
68,"3","S2_BasicEmergency","11","BP_RadiationEmissionPoint","421.8","107.846224","2024-6-25 14:45:1.826"
69,"3","S2_BasicEmergency","11","BP_RadiationEmissionPoint","421.8","107.908985","2024-6-25 14:45:2.380"
70,"3","S2_BasicEmergency","11","BP_RadiationEmissionPoint","421.8","107.973365","2024-6-25 14:45:2.906"
71,"3","S2_BasicEmergency","11","BP_RadiationEmissionPoint","421.8","108.035615","2024-6-25 14:45:3.440"
72,"3","S2_BasicEmergency","11","BP_RadiationEmissionPoint","421.8","108.100132","2024-6-25 14:45:3.970"
73,"3","S2_BasicEmergency","11","BP_RadiationEmissionPoint","421.8","108.158744","2024-6-25 14:45:4.490"
74,"3","S2_BasicEmergency","11","BP_RadiationEmissionPoint","421.8","108.214141","2024-6-25 14:45:4.988"
75,"3","S2_BasicEmergency","11","BP_RadiationEmissionPoint","421.8","108.279251","2024-6-25 14:45:5.546"
76,"3","S2_BasicEmergency","11","BP_RadiationEmissionPoint","421.8","108.340871","2024-6-25 14:45:6.26"
77,"3","S2_BasicEmergency","11","BP_RadiationEmissionPoint","421.8","108.399524","2024-6-25 14:45:6.548"
78,"3","S2_BasicEmergency","11","BP_RadiationEmissionPoint","421.8","108.458468","2024-6-25 14:45:7.51"
79,"3","S2_BasicEmergency","11","BP_RadiationEmissionPoint","421.8","108.522584","2024-6-25 14:45:7.599"
80,"3","S2_BasicEmergency","11","BP_RadiationEmissionPoint","421.8","108.582478","2024-6-25 14:45:8.104"
81,"3","S2_BasicEmergency","11","BP_RadiationEmissionPoint","421.8","108.644401","2024-6-25 14:45:8.657"
82,"3","S2_BasicEmergency","11","BP_RadiationEmissionPoint","421.8","108.705768","2024-6-25 14:45:9.157"
83,"3","S2_BasicEmergency","11","BP_RadiationEmissionPoint","421.8","108.767834","2024-6-25 14:45:9.711"
84,"3","S2_BasicEmergency","11","BP_RadiationEmissionPoint","421.8","108.826615","2024-6-25 14:45:10.216"
85,"3","S2_BasicEmergency","11","BP_RadiationEmissionPoint","421.8","108.891229","2024-6-25 14:45:10.719"
86,"3","S2_BasicEmergency","11","BP_RadiationEmissionPoint","421.8","108.952989","2024-6-25 14:45:11.270"
87,"3","S2_BasicEmergency","11","BP_RadiationEmissionPoint","421.8","109.012326","2024-6-25 14:45:11.798"
88,"3","S2_BasicEmergency","11","BP_RadiationEmissionPoint","421.8","109.073871","2024-6-25 14:45:12.320"
89,"3","S2_BasicEmergency","11","BP_RadiationEmissionPoint","421.8","109.136066","2024-6-25 14:45:12.844"
90,"3","S2_BasicEmergency","11","BP_RadiationEmissionPoint","421.8","109.196614","2024-6-25 14:45:13.375"
91,"3","S2_BasicEmergency","11","BP_RadiationEmissionPoint","421.8","109.255934","2024-6-25 14:45:13.875"
92,"3","S2_BasicEmergency","11","BP_RadiationEmissionPoint","421.8","109.317358","2024-6-25 14:45:14.379"
93,"3","S2_BasicEmergency","11","BP_RadiationEmissionPoint","421.8","109.381746","2024-6-25 14:45:14.905"
94,"3","S2_BasicEmergency","11","BP_RadiationEmissionPoint","421.8","109.441424","2024-6-25 14:45:15.437"
95,"3","S2_BasicEmergency","11","BP_RadiationEmissionPoint","421.8","109.49984","2024-6-25 14:45:15.935"
96,"3","S2_BasicEmergency","11","BP_RadiationEmissionPoint","421.8","109.560752","2024-6-25 14:45:16.460"
97,"3","S2_BasicEmergency","11","BP_RadiationEmissionPoint","421.8","109.622579","2024-6-25 14:45:16.965"
98,"3","S2_BasicEmergency","11","BP_RadiationEmissionPoint","421.8","109.678719","2024-6-25 14:45:17.489"
99,"3","S2_BasicEmergency","11","BP_RadiationEmissionPoint","421.8","109.741216","2024-6-25 14:45:17.993"
100,"3","S2_BasicEmergency","11","BP_RadiationEmissionPoint","421.8","109.805429","2024-6-25 14:45:18.547"
101,"3","S2_BasicEmergency","11","BP_RadiationEmissionPoint","421.8","109.86444","2024-6-25 14:45:19.51"
102,"3","S2_BasicEmergency","11","BP_RadiationEmissionPoint","421.8","109.925669","2024-6-25 14:45:19.576"
103,"3","S2_BasicEmergency","11","BP_RadiationEmissionPoint","421.8","109.9879","2024-6-25 14:45:20.103"
104,"3","S2_BasicEmergency","11","BP_RadiationEmissionPoint","421.8","110.047303","2024-6-25 14:45:20.625"
105,"3","S2_BasicEmergency","11","BP_RadiationEmissionPoint","421.8","110.107825","2024-6-25 14:45:21.130"
106,"3","S2_BasicEmergency","11","BP_RadiationEmissionPoint","421.8","110.170077","2024-6-25 14:45:21.684"
107,"3","S2_BasicEmergency","11","BP_RadiationEmissionPoint","421.8","110.232192","2024-6-25 14:45:22.211"
108,"3","S2_BasicEmergency","11","BP_RadiationEmissionPoint","421.8","110.29369","2024-6-25 14:45:22.690"
109,"3","S2_BasicEmergency","11","BP_RadiationEmissionPoint","421.8","110.351871","2024-6-25 14:45:23.212"
110,"3","S2_BasicEmergency","11","BP_RadiationEmissionPoint","421.8","110.410937","2024-6-25 14:45:23.713"
111,"3","S2_BasicEmergency","11","BP_RadiationEmissionPoint","421.8","110.471862","2024-6-25 14:45:24.261"
112,"3","S2_BasicEmergency","11","BP_RadiationEmissionPoint","421.8","110.534148","2024-6-25 14:45:24.745"
113,"3","S2_BasicEmergency","11","BP_RadiationEmissionPoint","421.8","110.593377","2024-6-25 14:45:25.267"
114,"3","S2_BasicEmergency","11","BP_RadiationEmissionPoint","421.8","110.6549","2024-6-25 14:45:25.798"
115,"3","S2_BasicEmergency","11","BP_RadiationEmissionPoint","421.8","110.719632","2024-6-25 14:45:26.326"
116,"3","S2_BasicEmergency","11","BP_RadiationEmissionPoint","421.8","110.776318","2024-6-25 14:45:26.852"
117,"3","S2_BasicEmergency","11","BP_RadiationEmissionPoint","421.8","110.837407","2024-6-25 14:45:27.352"
118,"3","S2_BasicEmergency","11","BP_RadiationEmissionPoint","421.8","110.8974","2024-6-25 14:45:27.864"
119,"3","S2_BasicEmergency","11","BP_RadiationEmissionPoint","421.8","110.955779","2024-6-25 14:45:28.363"
120,"3","S2_BasicEmergency","11","BP_RadiationEmissionPoint","421.8","111.014898","2024-6-25 14:45:28.889"
121,"3","S2_BasicEmergency","11","BP_RadiationEmissionPoint","421.8","111.079344","2024-6-25 14:45:29.397"
122,"3","S2_BasicEmergency","11","BP_RadiationEmissionPoint","421.8","111.138127","2024-6-25 14:45:29.920"
123,"3","S2_BasicEmergency","11","BP_RadiationEmissionPoint","421.8","111.199698","2024-6-25 14:45:30.470"
124,"3","S2_BasicEmergency","11","BP_RadiationEmissionPoint","421.8","111.261992","2024-6-25 14:45:31.3"
125,"3","S2_BasicEmergency","11","BP_RadiationEmissionPoint","421.8","111.324596","2024-6-25 14:45:31.507"
126,"3","S2_BasicEmergency","11","BP_RadiationEmissionPoint","421.8","111.386356","2024-6-25 14:45:32.39"
127,"3","S2_BasicEmergency","11","BP_RadiationEmissionPoint","421.8","111.448106","2024-6-25 14:45:32.539"
128,"3","S2_BasicEmergency","11","BP_RadiationEmissionPoint","421.8","111.506641","2024-6-25 14:45:33.38"
129,"3","S2_BasicEmergency","11","BP_RadiationEmissionPoint","421.8","111.567939","2024-6-25 14:45:33.587"
130,"3","S2_BasicEmergency","11","BP_RadiationEmissionPoint","421.8","111.629879","2024-6-25 14:45:34.96"
131,"3","S2_BasicEmergency","11","BP_RadiationEmissionPoint","421.8","111.689072","2024-6-25 14:45:34.594"
132,"3","S2_BasicEmergency","11","BP_RadiationEmissionPoint","421.8","111.749669","2024-6-25 14:45:35.140"
133,"3","S2_BasicEmergency","11","BP_RadiationEmissionPoint","421.8","111.811881","2024-6-25 14:45:35.646"
134,"3","S2_BasicEmergency","11","BP_RadiationEmissionPoint","421.8","111.8686","2024-6-25 14:45:36.174"
135,"3","S2_BasicEmergency","11","BP_RadiationEmissionPoint","421.8","111.930219","2024-6-25 14:45:36.698"
136,"3","S2_BasicEmergency","11","BP_RadiationEmissionPoint","421.8","111.991377","2024-6-25 14:45:37.229"
137,"3","S2_BasicEmergency","11","BP_RadiationEmissionPoint","421.8","112.053305","2024-6-25 14:45:37.706"
138,"3","S2_BasicEmergency","11","BP_RadiationEmissionPoint","421.8","112.112458","2024-6-25 14:45:38.229"
139,"3","S2_BasicEmergency","11","BP_RadiationEmissionPoint","421.8","112.17322","2024-6-25 14:45:38.753"
140,"3","S2_BasicEmergency","11","BP_RadiationEmissionPoint","421.8","112.235161","2024-6-25 14:45:39.281"
141,"3","S2_BasicEmergency","11","BP_RadiationEmissionPoint","421.8","112.297552","2024-6-25 14:45:39.788"
142,"3","S2_BasicEmergency","11","BP_RadiationEmissionPoint","421.8","112.356334","2024-6-25 14:45:40.314"
143,"3","S2_BasicEmergency","11","BP_RadiationEmissionPoint","421.8","112.414756","2024-6-25 14:45:40.811"
144,"3","S2_BasicEmergency","11","BP_RadiationEmissionPoint","421.8","112.477376","2024-6-25 14:45:41.362"
145,"3","S2_BasicEmergency","11","BP_RadiationEmissionPoint","421.8","112.535457","2024-6-25 14:45:41.866"
146,"3","S2_BasicEmergency","11","BP_RadiationEmissionPoint","421.8","112.59936","2024-6-25 14:45:42.391"
147,"5","S2_BasicEmergency","3","BP_Dosimeter_SABG100_C_0","0.000073","0.0","2024-6-25 15:26:10.546"
148,"5","S2_BasicEmergency","3","BP_Dosimeter_SABG100_C_0","0.004728","0.000001","2024-6-25 15:26:11.22"
149,"5","S2_BasicEmergency","3","BP_Dosimeter_SABG100_C_0","0.004815","0.000001","2024-6-25 15:26:11.543"
150,"5","S2_BasicEmergency","3","BP_Dosimeter_SABG100_C_0","0.004897","0.000002","2024-6-25 15:26:12.70"
151,"5","S2_BasicEmergency","3","BP_Dosimeter_SABG100_C_0","0.004932","0.000003","2024-6-25 15:26:12.605"
152,"5","S2_BasicEmergency","3","BP_Dosimeter_SABG100_C_0","0.004932","0.000003","2024-6-25 15:26:13.132"
153,"5","S2_BasicEmergency","3","BP_Dosimeter_SABG100_C_0","0.004935","0.000004","2024-6-25 15:26:13.609"
154,"5","S2_BasicEmergency","3","BP_Dosimeter_SABG100_C_0","0.004925","0.000005","2024-6-25 15:26:14.116"
155,"5","S2_BasicEmergency","3","BP_Dosimeter_SABG100_C_0","0.004882","0.000006","2024-6-25 15:26:14.622"
156,"5","S2_BasicEmergency","3","BP_Dosimeter_SABG100_C_0","0.004759","0.000006","2024-6-25 15:26:15.148"
157,"5","S2_BasicEmergency","3","BP_Dosimeter_SABG100_C_0","0.004722","0.000007","2024-6-25 15:26:15.673"
158,"5","S2_BasicEmergency","3","BP_Dosimeter_SABG100_C_0","0.004695","0.000008","2024-6-25 15:26:16.195"
159,"5","S2_BasicEmergency","3","BP_Dosimeter_SABG100_C_0","0.004624","0.000008","2024-6-25 15:26:16.712"
160,"5","S2_BasicEmergency","3","BP_Dosimeter_SABG100_C_0","0.004624","0.000009","2024-6-25 15:26:17.239"
161,"5","S2_BasicEmergency","3","BP_Dosimeter_SABG100_C_0","0.004624","0.00001","2024-6-25 15:26:17.761"
162,"5","S2_BasicEmergency","3","BP_Dosimeter_SABG100_C_0","0.004624","0.00001","2024-6-25 15:26:18.265"
163,"5","S2_BasicEmergency","3","BP_Dosimeter_SABG100_C_0","0.004624","0.000011","2024-6-25 15:26:18.768"
164,"5","S2_BasicEmergency","3","BP_Dosimeter_SABG100_C_0","0.004624","0.000012","2024-6-25 15:26:19.292"
165,"5","S2_BasicEmergency","3","BP_Dosimeter_SABG100_C_0","0.004624","0.000012","2024-6-25 15:26:19.791"
166,"5","S2_BasicEmergency","3","BP_Dosimeter_SABG100_C_0","0.004624","0.000013","2024-6-25 15:26:20.356"
167,"5","S2_BasicEmergency","3","BP_Dosimeter_SABG100_C_0","0.004624","0.000014","2024-6-25 15:26:20.886"
168,"5","S2_BasicEmergency","3","BP_Dosimeter_SABG100_C_0","0.004624","0.000014","2024-6-25 15:26:21.442"
169,"5","S2_BasicEmergency","3","BP_Dosimeter_SABG100_C_0","0.004624","0.000015","2024-6-25 15:26:21.948"
170,"5","S2_BasicEmergency","3","BP_Dosimeter_SABG100_C_0","0.004624","0.000016","2024-6-25 15:26:22.477"
171,"5","S2_BasicEmergency","3","BP_Dosimeter_SABG100_C_0","0.004624","0.000016","2024-6-25 15:26:23.3"
172,"5","S2_BasicEmergency","3","BP_Dosimeter_SABG100_C_0","0.004624","0.000017","2024-6-25 15:26:23.508"
173,"5","S2_BasicEmergency","3","BP_Dosimeter_SABG100_C_0","0.004624","0.000018","2024-6-25 15:26:24.32"
174,"5","S2_BasicEmergency","3","BP_Dosimeter_SABG100_C_0","0.004624","0.000018","2024-6-25 15:26:24.562"
175,"5","S2_BasicEmergency","3","BP_Dosimeter_SABG100_C_0","0.004624","0.000019","2024-6-25 15:26:25.73"
176,"5","S2_BasicEmergency","3","BP_Dosimeter_SABG100_C_0","0.004624","0.00002","2024-6-25 15:26:25.633"
177,"5","S2_BasicEmergency","3","BP_Dosimeter_SABG100_C_0","0.004624","0.00002","2024-6-25 15:26:26.138"
178,"5","S2_BasicEmergency","3","BP_Dosimeter_SABG100_C_0","0.004624","0.000021","2024-6-25 15:26:26.642"
179,"5","S2_BasicEmergency","3","BP_Dosimeter_SABG100_C_0","0.004624","0.000022","2024-6-25 15:26:27.170"
180,"5","S2_BasicEmergency","3","BP_Dosimeter_SABG100_C_0","0.004624","0.000022","2024-6-25 15:26:27.692"
181,"5","S2_BasicEmergency","3","BP_Dosimeter_SABG100_C_0","0.004624","0.000023","2024-6-25 15:26:28.205"
182,"5","S2_BasicEmergency","3","BP_Dosimeter_SABG100_C_0","0.004624","0.000024","2024-6-25 15:26:28.734"
183,"5","S2_BasicEmergency","3","BP_Dosimeter_SABG100_C_0","0.004624","0.000024","2024-6-25 15:26:29.284"
184,"5","S2_BasicEmergency","3","BP_Dosimeter_SABG100_C_0","0.004624","0.000025","2024-6-25 15:26:29.787"
185,"5","S2_BasicEmergency","3","BP_Dosimeter_SABG100_C_0","0.004624","0.000026","2024-6-25 15:26:30.313"
186,"5","S2_BasicEmergency","3","BP_Dosimeter_SABG100_C_0","0.004624","0.000026","2024-6-25 15:26:30.791"
187,"5","S2_BasicEmergency","3","BP_Dosimeter_SABG100_C_0","0.004624","0.000027","2024-6-25 15:26:31.315"
188,"5","S2_BasicEmergency","3","BP_Dosimeter_SABG100_C_0","0.004624","0.000028","2024-6-25 15:26:31.794"
189,"5","S2_BasicEmergency","3","BP_Dosimeter_SABG100_C_0","0.004624","0.000028","2024-6-25 15:26:32.296"
190,"5","S2_BasicEmergency","3","BP_Dosimeter_SABG100_C_0","0.004624","0.000029","2024-6-25 15:26:32.855"
191,"5","S2_BasicEmergency","3","BP_Dosimeter_SABG100_C_0","0.004624","0.00003","2024-6-25 15:26:33.377"
192,"5","S2_BasicEmergency","3","BP_Dosimeter_SABG100_C_0","0.004624","0.00003","2024-6-25 15:26:33.889"
193,"5","S2_BasicEmergency","3","BP_Dosimeter_SABG100_C_0","0.004624","0.000031","2024-6-25 15:26:34.418"
194,"5","S2_BasicEmergency","3","BP_Dosimeter_SABG100_C_0","0.004624","0.000032","2024-6-25 15:26:34.922"
195,"5","S2_BasicEmergency","3","BP_Dosimeter_SABG100_C_0","0.004624","0.000032","2024-6-25 15:26:35.459"
196,"5","S2_BasicEmergency","3","BP_Dosimeter_SABG100_C_0","0.004624","0.000033","2024-6-25 15:26:35.969"
197,"5","S2_BasicEmergency","3","BP_Dosimeter_SABG100_C_0","0.004624","0.000034","2024-6-25 15:26:36.493"
198,"5","S2_BasicEmergency","3","BP_Dosimeter_SABG100_C_0","0.004624","0.000034","2024-6-25 15:26:37.24"
199,"5","S2_BasicEmergency","3","BP_Dosimeter_SABG100_C_0","0.004624","0.000035","2024-6-25 15:26:37.538"
200,"5","S2_BasicEmergency","3","BP_Dosimeter_SABG100_C_0","0.004624","0.000036","2024-6-25 15:26:38.45"
201,"5","S2_BasicEmergency","3","BP_Dosimeter_SABG100_C_0","0.004624","0.000036","2024-6-25 15:26:38.567"
202,"5","S2_BasicEmergency","3","BP_Dosimeter_SABG100_C_0","0.004624","0.000037","2024-6-25 15:26:39.67"
203,"5","S2_BasicEmergency","3","BP_Dosimeter_SABG100_C_0","0.004624","0.000038","2024-6-25 15:26:39.569"
204,"5","S2_BasicEmergency","3","BP_Dosimeter_SABG100_C_0","0.004624","0.000038","2024-6-25 15:26:40.91"
205,"5","S2_BasicEmergency","3","BP_Dosimeter_SABG100_C_0","0.004624","0.000039","2024-6-25 15:26:40.599"
206,"5","S2_BasicEmergency","3","BP_Dosimeter_SABG100_C_0","0.004624","0.00004","2024-6-25 15:26:41.128"
207,"5","S2_BasicEmergency","3","BP_Dosimeter_SABG100_C_0","0.004624","0.00004","2024-6-25 15:26:41.650"
208,"5","S2_BasicEmergency","3","BP_Dosimeter_SABG100_C_0","0.004624","0.000041","2024-6-25 15:26:42.203"
209,"5","S2_BasicEmergency","3","BP_Dosimeter_SABG100_C_0","0.004624","0.000042","2024-6-25 15:26:42.719"
210,"5","S2_BasicEmergency","3","BP_Dosimeter_SABG100_C_0","0.004624","0.000042","2024-6-25 15:26:43.269"
211,"5","S2_BasicEmergency","3","BP_Dosimeter_SABG100_C_0","0.004624","0.000043","2024-6-25 15:26:43.818"
212,"5","S2_BasicEmergency","3","BP_Dosimeter_SABG100_C_0","0.004624","0.000044","2024-6-25 15:26:44.335"
213,"5","S2_BasicEmergency","3","BP_Dosimeter_SABG100_C_0","0.004624","0.000044","2024-6-25 15:26:44.865"
214,"5","S2_BasicEmergency","3","BP_Dosimeter_SABG100_C_0","0.004624","0.000045","2024-6-25 15:26:45.365"
215,"5","S2_BasicEmergency","3","BP_Dosimeter_SABG100_C_0","0.004624","0.000046","2024-6-25 15:26:45.867"
216,"5","S2_BasicEmergency","3","BP_Dosimeter_SABG100_C_0","0.004624","0.000046","2024-6-25 15:26:46.366"
217,"5","S2_BasicEmergency","3","BP_Dosimeter_SABG100_C_0","0.004624","0.000047","2024-6-25 15:26:46.920"
218,"5","S2_BasicEmergency","3","BP_Dosimeter_SABG100_C_0","0.004624","0.000048","2024-6-25 15:26:47.398"
219,"5","S2_BasicEmergency","3","BP_Dosimeter_SABG100_C_0","0.004624","0.000048","2024-6-25 15:26:47.898"
220,"5","S2_BasicEmergency","3","BP_Dosimeter_SABG100_C_0","0.004624","0.000049","2024-6-25 15:26:48.441"
221,"5","S2_BasicEmergency","3","BP_Dosimeter_SABG100_C_0","0.004624","0.00005","2024-6-25 15:26:48.924"
222,"5","S2_BasicEmergency","3","BP_Dosimeter_SABG100_C_0","0.004624","0.00005","2024-6-25 15:26:49.469"
223,"5","S2_BasicEmergency","3","BP_Dosimeter_SABG100_C_0","0.004624","0.000051","2024-6-25 15:26:49.970"
224,"5","S2_BasicEmergency","3","BP_Dosimeter_SABG100_C_0","0.004624","0.000052","2024-6-25 15:26:50.453"
225,"5","S2_BasicEmergency","3","BP_Dosimeter_SABG100_C_0","0.004624","0.000052","2024-6-25 15:26:50.976"
226,"5","S2_BasicEmergency","3","BP_Dosimeter_SABG100_C_0","0.004624","0.000053","2024-6-25 15:26:51.484"
227,"5","S2_BasicEmergency","3","BP_Dosimeter_SABG100_C_0","0.004624","0.000054","2024-6-25 15:26:51.985"
228,"5","S2_BasicEmergency","3","BP_Dosimeter_SABG100_C_0","0.004624","0.000054","2024-6-25 15:26:52.487"
229,"5","S2_BasicEmergency","3","BP_Dosimeter_SABG100_C_0","0.004624","0.000055","2024-6-25 15:26:53.10"
230,"5","S2_BasicEmergency","3","BP_Dosimeter_SABG100_C_0","0.004624","0.000056","2024-6-25 15:26:53.516"
231,"5","S2_BasicEmergency","3","BP_Dosimeter_SABG100_C_0","0.004624","0.000056","2024-6-25 15:26:54.40"
232,"5","S2_BasicEmergency","3","BP_Dosimeter_SABG100_C_0","0.004624","0.000057","2024-6-25 15:26:54.564"
233,"5","S2_BasicEmergency","3","BP_Dosimeter_SABG100_C_0","0.004624","0.000058","2024-6-25 15:26:55.72"
234,"5","S2_BasicEmergency","3","BP_Dosimeter_SABG100_C_0","0.004624","0.000058","2024-6-25 15:26:55.601"
235,"5","S2_BasicEmergency","3","BP_Dosimeter_SABG100_C_0","0.004603","0.000059","2024-6-25 15:26:56.102"
236,"5","S2_BasicEmergency","3","BP_Dosimeter_SABG100_C_0","0.004669","0.00006","2024-6-25 15:26:56.627"
237,"5","S2_BasicEmergency","3","BP_Dosimeter_SABG100_C_0","0.004737","0.00006","2024-6-25 15:26:57.155"
238,"5","S2_BasicEmergency","3","BP_Dosimeter_SABG100_C_0","0.004885","0.000061","2024-6-25 15:26:57.691"
239,"5","S2_BasicEmergency","3","BP_Dosimeter_SABG100_C_0","0.004911","0.000062","2024-6-25 15:26:58.190"
240,"5","S2_BasicEmergency","3","BP_Dosimeter_SABG100_C_0","0.004916","0.000062","2024-6-25 15:26:58.745"
241,"5","S2_BasicEmergency","3","BP_Dosimeter_SABG100_C_0","0.007297","0.000063","2024-6-25 15:26:59.252"
242,"5","S2_BasicEmergency","3","BP_Dosimeter_SABG100_C_0","0.011913","0.000065","2024-6-25 15:26:59.761"
243,"5","S2_BasicEmergency","3","BP_Dosimeter_SABG100_C_0","0.011905","0.000066","2024-6-25 15:27:0.281"
244,"5","S2_BasicEmergency","3","BP_Dosimeter_SABG100_C_0","0.02203","0.000068","2024-6-25 15:27:0.789"
245,"5","S2_BasicEmergency","3","BP_Dosimeter_SABG100_C_0","0.022234","0.000071","2024-6-25 15:27:1.352"
246,"5","S2_BasicEmergency","3","BP_Dosimeter_SABG100_C_0","0.022397","0.000075","2024-6-25 15:27:1.858"
247,"5","S2_BasicEmergency","3","BP_Dosimeter_SABG100_C_0","0.022191","0.000078","2024-6-25 15:27:2.369"
248,"5","S2_BasicEmergency","3","BP_Dosimeter_SABG100_C_0","0.054891","0.000082","2024-6-25 15:27:2.867"
249,"5","S2_BasicEmergency","3","BP_Dosimeter_SABG100_C_0","0.057589","0.00009","2024-6-25 15:27:3.370"
250,"5","S2_BasicEmergency","3","BP_Dosimeter_SABG100_C_0","0.057862","0.000099","2024-6-25 15:27:3.875"
251,"5","S2_BasicEmergency","3","BP_Dosimeter_SABG100_C_0","0.264851","0.000137","2024-6-25 15:27:4.401"
252,"5","S2_BasicEmergency","3","BP_Dosimeter_SABG100_C_0","0.265769","0.000174","2024-6-25 15:27:4.900"
253,"5","S2_BasicEmergency","3","BP_Dosimeter_SABG100_C_0","1.639754","0.000287","2024-6-25 15:27:5.432"
254,"5","S2_BasicEmergency","3","BP_Dosimeter_SABG100_C_0","2.544691","0.000572","2024-6-25 15:27:5.960"
255,"5","S2_BasicEmergency","3","BP_Dosimeter_SABG100_C_0","3.161973","0.001012","2024-6-25 15:27:6.469"
256,"5","S2_BasicEmergency","3","BP_Dosimeter_SABG100_C_0","2.297744","0.001414","2024-6-25 15:27:6.993"
257,"5","S2_BasicEmergency","3","BP_Dosimeter_SABG100_C_0","1.712811","0.001679","2024-6-25 15:27:7.503"
258,"5","S2_BasicEmergency","3","BP_Dosimeter_SABG100_C_0","1.351133","0.00187","2024-6-25 15:27:8.11"
259,"5","S2_BasicEmergency","3","BP_Dosimeter_SABG100_C_0","2.50888","0.002152","2024-6-25 15:27:8.516"
260,"5","S2_BasicEmergency","3","BP_Dosimeter_SABG100_C_0","3.025067","0.002544","2024-6-25 15:27:9.24"
261,"5","S2_BasicEmergency","3","BP_Dosimeter_SABG100_C_0","3.065764","0.002973","2024-6-25 15:27:9.529"
262,"5","S2_BasicEmergency","3","BP_Dosimeter_SABG100_C_0","3.059548","0.003403","2024-6-25 15:27:10.25"
263,"5","S2_BasicEmergency","3","BP_Dosimeter_SABG100_C_0","1.985997","0.003769","2024-6-25 15:27:10.547"
264,"5","S2_BasicEmergency","3","BP_Dosimeter_SABG100_C_0","1.730903","0.004032","2024-6-25 15:27:11.70"
265,"5","S2_BasicEmergency","3","BP_Dosimeter_SABG100_C_0","0.491932","0.004136","2024-6-25 15:27:11.572"
266,"5","S2_BasicEmergency","3","BP_Dosimeter_SABG100_C_0","0.639091","0.004215","2024-6-25 15:27:12.81"
267,"5","S2_BasicEmergency","3","BP_Dosimeter_SABG100_C_0","0.676672","0.004308","2024-6-25 15:27:12.582"
268,"5","S2_BasicEmergency","11","BP_RadiationEmissionPoint","421.8","63.003557","2024-6-25 15:29:59.914"
269,"5","S2_BasicEmergency","11","BP_RadiationEmissionPoint","421.8","63.061696","2024-6-25 15:30:0.414"
270,"5","S2_BasicEmergency","11","BP_RadiationEmissionPoint","421.8","63.324847","2024-6-25 15:30:2.656"
271,"5","S2_BasicEmergency","11","BP_RadiationEmissionPoint","421.8","63.380946","2024-6-25 15:30:3.136"
272,"5","S2_BasicEmergency","11","BP_RadiationEmissionPoint","421.8","63.440996","2024-6-25 15:30:3.651"
273,"5","S2_BasicEmergency","11","BP_RadiationEmissionPoint","421.8","63.500342","2024-6-25 15:30:4.151"
274,"5","S2_BasicEmergency","11","BP_RadiationEmissionPoint","421.8","63.600775","2024-6-25 15:30:5.11"
275,"5","S2_BasicEmergency","11","BP_RadiationEmissionPoint","421.8","63.659163","2024-6-25 15:30:5.500"
276,"5","S2_BasicEmergency","11","BP_RadiationEmissionPoint","421.8","75.010824","2024-6-25 15:31:42.394"
277,"5","S2_BasicEmergency","11","BP_RadiationEmissionPoint","421.8","75.06925","2024-6-25 15:31:42.884"
278,"5","S2_BasicEmergency","11","BP_RadiationEmissionPoint","421.8","75.128069","2024-6-25 15:31:43.395"
279,"5","S2_BasicEmergency","11","BP_RadiationEmissionPoint","421.8","75.186334","2024-6-25 15:31:43.884"
280,"5","S2_BasicEmergency","11","BP_RadiationEmissionPoint","421.8","75.245288","2024-6-25 15:31:44.398"
281,"5","S2_BasicEmergency","4","BP_Dosimeter_EPD_C_0","20.738553","0.705543","2024-6-25 15:31:59.555"
282,"5","S2_BasicEmergency","4","BP_Dosimeter_EPD_C_0","21.200071","0.707685","2024-6-25 15:31:59.953"
283,"5","S2_BasicEmergency","4","BP_Dosimeter_EPD_C_0","21.204273","0.707851","2024-6-25 15:31:59.973"
284,"5","S2_BasicEmergency","11","BP_RadiationEmissionPoint","421.8","77.187942","2024-6-25 15:32:0.965"
285,"5","S2_BasicEmergency","11","BP_RadiationEmissionPoint","421.8","77.337926","2024-6-25 15:32:2.254"
286,"5","S2_BasicEmergency","11","BP_RadiationEmissionPoint","421.8","77.394552","2024-6-25 15:32:2.743"
287,"5","S2_BasicEmergency","11","BP_RadiationEmissionPoint","421.8","77.454171","2024-6-25 15:32:3.243"
288,"5","S2_BasicEmergency","11","BP_RadiationEmissionPoint","421.8","77.513544","2024-6-25 15:32:3.758"
289,"5","S2_BasicEmergency","11","BP_RadiationEmissionPoint","421.8","77.575607","2024-6-25 15:32:4.275"
290,"5","S2_BasicEmergency","11","BP_RadiationEmissionPoint","421.8","77.635603","2024-6-25 15:32:4.789"
291,"5","S2_BasicEmergency","11","BP_RadiationEmissionPoint","421.8","77.696076","2024-6-25 15:32:5.314"
292,"5","S2_BasicEmergency","11","BP_RadiationEmissionPoint","421.8","77.75625","2024-6-25 15:32:5.827"
293,"7","S2_BasicEmergency","3","BP_Dosimeter_SABG100_C_0","0.000073","0.0","2024-6-25 16:15:11.435"
294,"7","S2_BasicEmergency","3","BP_Dosimeter_SABG100_C_0","0.004312","0.000001","2024-6-25 16:15:11.935"
295,"7","S2_BasicEmergency","3","BP_Dosimeter_SABG100_C_0","0.004348","0.000001","2024-6-25 16:15:12.457"
296,"7","S2_BasicEmergency","3","BP_Dosimeter_SABG100_C_0","0.004366","0.000002","2024-6-25 16:15:12.984"
297,"7","S2_BasicEmergency","3","BP_Dosimeter_SABG100_C_0","0.004376","0.000002","2024-6-25 16:15:13.484"
298,"7","S2_BasicEmergency","3","BP_Dosimeter_SABG100_C_0","0.004383","0.000003","2024-6-25 16:15:14.13"
299,"7","S2_BasicEmergency","3","BP_Dosimeter_SABG100_C_0","0.004384","0.000004","2024-6-25 16:15:14.513"
300,"7","S2_BasicEmergency","11","BP_RadiationEmissionPoint","421.8","72.571989","2024-6-25 16:17:37.428"
301,"7","S2_BasicEmergency","11","BP_RadiationEmissionPoint","421.8","74.127451","2024-6-25 16:17:50.704"
302,"7","S2_BasicEmergency","11","BP_RadiationEmissionPoint","421.8","75.207046","2024-6-25 16:17:59.894"
303,"7","S2_BasicEmergency","11","BP_RadiationEmissionPoint","421.8","76.471255","2024-6-25 16:18:10.707"
304,"7","S2_BasicEmergency","11","BP_RadiationEmissionPoint","421.8","76.474478","2024-6-25 16:18:10.735"
305,"7","S2_BasicEmergency","11","BP_RadiationEmissionPoint","421.8","76.481183","2024-6-25 16:18:10.792"
306,"7","S2_BasicEmergency","11","BP_RadiationEmissionPoint","421.8","76.542766","2024-6-25 16:18:11.320"
307,"7","S2_BasicEmergency","11","BP_RadiationEmissionPoint","421.8","76.601569","2024-6-25 16:18:11.822"
308,"7","S2_BasicEmergency","11","BP_RadiationEmissionPoint","421.8","76.614521","2024-6-25 16:18:11.933"
309,"7","S2_BasicEmergency","11","BP_RadiationEmissionPoint","421.8","76.617787","2024-6-25 16:18:11.961"
310,"7","S2_BasicEmergency","11","BP_RadiationEmissionPoint","421.8","76.91134","2024-6-25 16:18:14.459"
311,"7","S2_BasicEmergency","11","BP_RadiationEmissionPoint","421.8","76.969446","2024-6-25 16:18:14.962"
312,"7","S2_BasicEmergency","11","BP_RadiationEmissionPoint","421.8","77.028223","2024-6-25 16:18:15.461"
313,"7","S2_BasicEmergency","11","BP_RadiationEmissionPoint","421.8","77.09005","2024-6-25 16:18:15.989"
314,"7","S2_BasicEmergency","11","BP_RadiationEmissionPoint","421.8","77.151507","2024-6-25 16:18:16.516"
315,"7","S2_BasicEmergency","11","BP_RadiationEmissionPoint","421.8","77.210459","2024-6-25 16:18:17.17"
316,"7","S2_BasicEmergency","11","BP_RadiationEmissionPoint","421.8","77.27214","2024-6-25 16:18:17.543"
317,"7","S2_BasicEmergency","11","BP_RadiationEmissionPoint","421.8","77.330861","2024-6-25 16:18:18.46"
318,"7","S2_BasicEmergency","11","BP_RadiationEmissionPoint","421.8","77.392715","2024-6-25 16:18:18.574"
319,"7","S2_BasicEmergency","11","BP_RadiationEmissionPoint","421.8","77.451584","2024-6-25 16:18:19.74"
320,"7","S2_BasicEmergency","11","BP_RadiationEmissionPoint","421.8","77.512982","2024-6-25 16:18:19.596"
321,"7","S2_BasicEmergency","11","BP_RadiationEmissionPoint","421.8","77.574699","2024-6-25 16:18:20.127"
322,"7","S2_BasicEmergency","5","BP_WalkieTalkie_C_0","2.576401","0.069323","2024-6-25 16:20:23.590"
323,"0","Develop","10","BP_RadiactiveCase","421.8","0.001953","2024-6-26 10:8:14.882"
324,"0","Develop","11","BP_RadiationEmissionPoint","421.8","0.001953","2024-6-26 10:8:14.882"
325,"0","Develop","10","BP_RadiactiveCase","421.8","0.001953","2024-6-26 10:8:14.882"
326,"0","Develop","10","BP_RadiactiveCase","421.8","0.001953","2024-6-26 10:9:53.662"
327,"0","Develop","11","BP_RadiationEmissionPoint","421.8","0.001953","2024-6-26 10:9:53.662"
328,"0","Develop","10","BP_RadiactiveCase","421.8","0.001953","2024-6-26 10:9:53.662"
329,"0","Develop","10","BP_RadiactiveCase","421.8","0.001953","2024-6-26 10:11:32.884"
330,"0","Develop","11","BP_RadiationEmissionPoint","421.8","0.001953","2024-6-26 10:11:32.885"
331,"0","Develop","10","BP_RadiactiveCase","421.8","0.001953","2024-6-26 10:11:32.885"
332,"0","Develop","1","BP_InteractParent2","421.8","0.001953","2024-6-26 10:12:22.572"
333,"0","Develop","10","BP_RadiactiveCase","421.8","0.001953","2024-6-26 10:12:22.572"
334,"0","Develop","10","BP_RadiactiveCase","421.8","0.001953","2024-6-26 10:30:11.78"
335,"0","Develop","11","BP_RadiationEmissionPoint","421.8","0.001953","2024-6-26 10:30:11.78"
336,"0","Develop","10","BP_RadiactiveCase","421.8","0.001953","2024-6-26 10:30:11.78"
337,"9999","Develop","3","BP_Dosimeter_SABG100_C_0","0.000002","0.0","2024-6-26 10:30:29.25"
338,"9999","Develop","2","BP_HandlePoint1","0.000002","0.048046","2024-6-26 10:30:29.25"
339,"9999","Develop","1","BP_TutorialPickableItem2","0.000002","0.048046","2024-6-26 10:30:29.25"
340,"9999","Develop","1","BP_TutorialPickableItem","0.000002","0.048046","2024-6-26 10:30:29.25"
341,"0","Develop","10","BP_RadiactiveCase","421.8","0.001953","2024-6-26 10:33:17.779"
342,"0","Develop","11","BP_RadiationEmissionPoint","421.8","0.001953","2024-6-26 10:33:17.779"
343,"0","Develop","10","BP_RadiactiveCase","421.8","0.001953","2024-6-26 10:33:17.779"
344,"0","Develop","10","BP_RadiactiveCase","421.8","0.001953","2024-6-26 10:33:40.712"
345,"0","Develop","11","BP_RadiationEmissionPoint","421.8","0.001953","2024-6-26 10:33:40.713"
346,"0","Develop","10","BP_RadiactiveCase","421.8","0.001953","2024-6-26 10:33:40.713"
347,"9999","Develop","2","BP_HandlePoint1","0.000002","0.040951","2024-6-26 10:33:57.741"
348,"9999","Develop","3","BP_Dosimeter_SABG100_C_0","0.000002","0.0","2024-6-26 10:33:57.743"
349,"9999","Develop","1","BP_TutorialPickableItem2","0.000002","0.040951","2024-6-26 10:33:57.743"
350,"9999","Develop","1","BP_TutorialPickableItem","0.000002","0.040951","2024-6-26 10:33:57.743"
351,"0","Develop","11","BP_RadiationEmissionPoint","421.8","0.001953","2024-6-26 10:37:30.711"
352,"0","Develop","10","BP_RadiactiveCase","421.8","0.001953","2024-6-26 10:37:30.711"
353,"9999","Develop","1","BP_TutorialPickableItem2","0.000115","0.040643","2024-6-26 10:37:37.221"
354,"9999","Develop","1","BP_TutorialPickableItem","0.000115","0.040643","2024-6-26 10:37:37.221"
355,"9999","Develop","3","BP_Dosimeter_SABG100_C_0","0.000114","0.0","2024-6-26 10:37:37.221"
356,"9999","Develop","2","BP_HandlePoint1","0.000115","0.040643","2024-6-26 10:37:37.221"